658960025 34.0258463 -118.4646377
122441204 34.0209442 -118.4774997
122543311 34.0247941 -118.4695727
122563674 34.0189531 -118.4704978
122563691 34.0205294 -118.4675155
122584076 34.0506468 -118.4612426
122584273 34.0258507 -118.4698629
122584275 34.0275489 -118.4678168
122584268 34.0244769 -118.4715901
122584261 34.0239878 -118.4727730
122584265 34.0241257 -118.4720327
122588979 34.0492233 -118.4881318
122588982 34.0471592 -118.4875246
122588986 34.0449366 -118.4860588
122588992 34.0422086 -118.4828515
122592447 34.0515090 -118.4839130
122592452 34.0502047 -118.4831622
122592443 34.0549328 -118.4856230
122592446 34.0531482 -118.4848838
122604565 34.0535080 -118.4925140
122604568 34.0512112 -118.4932619
122604571 34.0500523 -118.4938901
122610428 34.0346979 -118.4888906
122610426 34.0360427 -118.4904483
122610438 34.0292548 -118.4825358
122610455 34.0235957 -118.4759054
122610449 34.0252391 -118.4778408
122610572 34.0211612 -118.4730799
122610499 34.0370890 -118.4920187
122614756 34.0275492 -118.4879351
122614758 34.0261747 -118.4863124
122614765 34.0235132 -118.4831931
122614769 34.0221716 -118.4816384
122615370 34.0552652 -118.4817128
122615371 34.0549238 -118.4827771
122615368 34.0554067 -118.4804196
122623958 34.0237898 -118.4542338
122627508 34.0209907 -118.4591777
122641254 34.0326660 -118.4718469
122645215 34.0372972 -118.4734874
122645226 34.0329209 -118.4683674
122651546 34.0469792 -118.4711203
122651549 34.0464173 -118.4718070
122651552 34.0458450 -118.4725160
122651567 34.0446480 -118.4739540
122651570 34.0445090 -118.4741130
122651579 34.0441090 -118.4746130
122651602 34.0525100 -118.4642896
122651607 34.0477583 -118.4701331
122651591 34.0545449 -118.4636163
122679628 34.0540090 -118.4788130
122679631 34.0537363 -118.4794469
122683129 34.0226587 -118.4561735
122685798 34.0448334 -118.4943944
122685800 34.0454910 -118.4933736
122685802 34.0461524 -118.4925496
122685804 34.0466100 -118.4914852
122685807 34.0467003 -118.4899641
122685796 34.0444245 -118.4956527
122694031 34.0533090 -118.4806130
122694033 34.0514421 -118.4793857
122702384 34.0390584 -118.4867383
122702468 34.0468693 -118.4950154
122702478 34.0405663 -118.4876503
122702387 34.0377621 -118.4851106
122709504 34.0439424 -118.4703307
122709510 34.0402587 -118.4696304
122715378 34.0543090 -118.4790130
122715381 34.0540090 -118.4796130
122729216 34.0560121 -118.4987067
122733087 34.0477469 -118.4580412
122733090 34.0467168 -118.4571543
122738727 34.0227323 -118.4841563
122738758 34.0372976 -118.4661607
122738738 34.0298050 -118.4754217
122742180 34.0548029 -118.4834037
122749047 34.0546090 -118.4792130
122749051 34.0543090 -118.4798130
122764166 34.0224174 -118.4975521
122773695 34.0495192 -118.4737992
122773697 34.0482450 -118.4754160
122773685 34.0549232 -118.4671356
122773956 34.0529256 -118.4782024
122773960 34.0528047 -118.4789577
122774780 34.0193416 -118.4838447
122774870 34.0252573 -118.4907582
122774872 34.0238913 -118.4891534
122774876 34.0198809 -118.4844623
122784781 34.0553647 -118.4770351
122784779 34.0556467 -118.4759296
122785585 34.0412237 -118.4869104
122785644 34.0484377 -118.4946008
122785647 34.0477227 -118.4938310
122785657 34.0326904 -118.4782958
122785700 34.0252085 -118.4681525
122785650 34.0367878 -118.4830506
122790275 34.0417755 -118.4768881
122797788 34.0285848 -118.4626107
122797792 34.0268909 -118.4620968
122797801 34.0260667 -118.4611430
122797798 34.0262704 -118.4613828
122809534 34.0556084 -118.4830443
122809536 34.0552729 -118.4829473
122809539 34.0546892 -118.4826570
122809542 34.0543692 -118.4825025
122809547 34.0529754 -118.4818244
122809549 34.0508589 -118.4808276
122809551 34.0506883 -118.4807676
122816406 34.0559335 -118.4636610
122816411 34.0537357 -118.4615738
122832180 34.0483947 -118.4543984
122855937 34.0521647 -118.4788461
122855936 34.0522714 -118.4780994
122857915 34.0517160 -118.4946665
122857917 34.0517516 -118.4955965
122857920 34.0517943 -118.4965462
122862636 34.0254219 -118.4677405
122862638 34.0253437 -118.4676461
122883344 34.0203840 -118.4593829
122883356 34.0207878 -118.4590145
122887165 34.0210157 -118.4894845
122887156 34.0250938 -118.4942426
122897390 34.0200951 -118.4599392
122900877 34.0535768 -118.4975662
122900875 34.0534874 -118.4971481
122901767 34.0469235 -118.4545647
122907113 34.0289581 -118.4569478
122919071 34.0227943 -118.4970858
122919077 34.0243278 -118.4951826
122919074 34.0239427 -118.4956605
122919072 34.0235579 -118.4961331
122919070 34.0220245 -118.4980428
122923362 34.0547099 -118.4957081
122923363 34.0548435 -118.4966791
122923364 34.0554428 -118.4973510
122925016 34.0194884 -118.4913740
122937937 34.0201811 -118.4830036
122937941 34.0189930 -118.4815959
122937945 34.0186302 -118.4811582
122937960 34.0331655 -118.4981523
122937963 34.0260161 -118.4898236
122937965 34.0246595 -118.4882006
122937969 34.0206493 -118.4835353
122956607 34.0561089 -118.4762354
122965171 34.0532592 -118.4651615
122965179 34.0484695 -118.4710601
122965181 34.0476832 -118.4720387
122965183 34.0465450 -118.4734160
122965185 34.0456078 -118.4745631
122965173 34.0519568 -118.4666783
122965176 34.0507131 -118.4682693
122988696 34.0550732 -118.4835582
122990187 34.0381036 -118.4984081
122990191 34.0350307 -118.4948173
122990192 34.0283306 -118.4869725
122990193 34.0269572 -118.4853682
122990190 34.0365375 -118.4965563
122990197 34.0229365 -118.4806807
122990203 34.0213031 -118.4787688
122990347 34.0203471 -118.4776475
122990350 34.0188617 -118.4759261
122998868 34.0527330 -118.4675819
122998888 34.0460434 -118.4609055
123000826 34.0215205 -118.4581391
123003137 34.0518583 -118.4918028
123003131 34.0526905 -118.4895256
123003134 34.0523217 -118.4906398
123003141 34.0512854 -118.4929720
123003128 34.0530522 -118.4873546
123022220 34.0540201 -118.4958596
123028375 34.0220591 -118.4778022
123028377 34.0228397 -118.4768634
123028392 34.0281413 -118.4698629
123028399 34.0308209 -118.4621349
123028404 34.0313593 -118.4592098
123028389 34.0271998 -118.4723806
123030858 34.0356922 -118.4937358
123030866 34.0398692 -118.4885665
123030869 34.0419023 -118.4860503
123030871 34.0426323 -118.4851747
123030859 34.0363939 -118.4928633
123030861 34.0384409 -118.4903255
123030860 34.0377702 -118.4911918
123030863 34.0391336 -118.4894718
123034740 34.0493551 -118.4930645
123034742 34.0489924 -118.4926697
123034744 34.0484508 -118.4920207
123042307 34.0320492 -118.4694456
123051089 34.0519960 -118.4975980
123051948 34.0497960 -118.4920603
123056649 34.0552080 -118.4804130
123056651 34.0548080 -118.4802130
123056658 34.0534237 -118.4791302
123056660 34.0531176 -118.4790263
123056661 34.0524847 -118.4788976
123056662 34.0517790 -118.4789487
123056678 34.0380160 -118.4653368
123056646 34.0557356 -118.4804357
123056645 34.0560956 -118.4804787
123063545 34.0526090 -118.4781130
123072136 34.0336935 -118.4674201
123072109 34.0504109 -118.4821494
123072128 34.0380583 -118.4725261
123072130 34.0377049 -118.4721074
123072143 34.0339543 -118.4670845
123072145 34.0326170 -118.4655138
123098136 34.0540272 -118.4704138
123098133 34.0556257 -118.4685129
123111165 34.0544901 -118.4832406
123112793 34.0290515 -118.4603220
123112934 34.0305486 -118.4572964
123120998 34.0518261 -118.4599622
123121001 34.0526167 -118.4605989
123121011 34.0537143 -118.4656937
123121013 34.0535081 -118.4666550
123121016 34.0522554 -118.4729491
123121018 34.0520323 -118.4740298
123121020 34.0519470 -118.4745105
123121022 34.0517052 -118.4756606
123121025 34.0516199 -118.4760898
123121028 34.0497922 -118.4852651
123121031 34.0495220 -118.4866298
123121034 34.0493753 -118.4873772
123121039 34.0489090 -118.4897140
123130643 34.0258507 -118.4731967
123130659 34.0313888 -118.4799008
123130662 34.0311599 -118.4796390
123130722 34.0220617 -118.4687820
123135342 34.0371448 -118.4819034
123138307 34.0397911 -118.4728002
123138321 34.0267889 -118.4888717
123138318 34.0290818 -118.4859930
123147453 34.0377707 -118.4810881
123147455 34.0370168 -118.4802126
123147458 34.0339992 -118.4766822
123151339 34.0464213 -118.4682792
123165172 34.0449055 -118.4628179
123165178 34.0437565 -118.4647196
123168808 34.0394137 -118.4537291
123171270 34.0558289 -118.4798296
123171760 34.0441116 -118.4833551
123178277 34.0543188 -118.4656336
123182337 34.0477904 -118.4648474
123182327 34.0445339 -118.4695935
123182334 34.0502841 -118.4617061
123196581 34.0384660 -118.4711547
123196584 34.0371269 -118.4696025
123196603 34.0332572 -118.4647070
123204364 34.0561178 -118.4798886
123222012 34.0461952 -118.4970513
123222016 34.0457128 -118.4964924
123221938 34.0251238 -118.4741114
123229100 34.0548090 -118.4794130
123229039 34.0539917 -118.4915748
123229040 34.0506676 -118.4899467
123240368 34.0527460 -118.4973707
123240370 34.0542923 -118.4969751
123250417 34.0231230 -118.4900975
123250422 34.0191126 -118.4854064
123257620 34.0441614 -118.4869943
123257600 34.0352305 -118.4987289
123257951 34.0551080 -118.4795130
123261710 34.0185134 -118.4957776
123288961 34.0296177 -118.4772649
123293658 34.0295773 -118.4533031
123293631 34.0360605 -118.4612729
123306641 34.0474592 -118.4860246
123306643 34.0456570 -118.4850994
123308651 34.0323794 -118.4537263
123308654 34.0316700 -118.4576129
123324200 34.0451628 -118.4794786
123324184 34.0559116 -118.4881520
123324188 34.0513090 -118.4863130
123324186 34.0549148 -118.4880488
123326990 34.0401995 -118.4628820
123326994 34.0394811 -118.4636974
123329617 34.0485651 -118.4727425
123329620 34.0464244 -118.4700646
123362565 34.0237082 -118.4797158
123372873 34.0506280 -118.4968324
123372874 34.0509907 -118.4967608
123375742 34.0332598 -118.4759702
123385635 34.0535443 -118.4762969
123385633 34.0538156 -118.4751786
123385638 34.0533309 -118.4771981
123403327 34.0543577 -118.4904760
123410713 34.0544423 -118.4766216
123421908 34.0300230 -118.4815917
123421934 34.0205961 -118.4705759
123421931 34.0219400 -118.4721159
123426740 34.0254737 -118.4736566
123426751 34.0297824 -118.4702630
123426964 34.0338760 -118.4639517
123426968 34.0346229 -118.4630419
123448362 34.0422808 -118.4741668
123451561 34.0559080 -118.4788130
123460337 34.0280788 -118.4571101
123460332 34.0273570 -118.4598181
123466159 34.0510399 -118.4887550
123471452 34.0541800 -118.4831701
123475032 34.0502511 -118.4909788
123475048 34.0468592 -118.4890246
123485087 34.0256780 -118.4663586
123485085 34.0261262 -118.4668908
123485712 34.0412090 -118.4657130
123485696 34.0438876 -118.4619247
123485701 34.0433164 -118.4628742
123485706 34.0427453 -118.4638371
123486444 34.0562022 -118.4777428
123492114 34.0528504 -118.4978761
123500585 34.0526269 -118.4759622
123503589 34.0558023 -118.4715898
123515574 34.0238734 -118.4780645
123515577 34.0225002 -118.4764804
123515740 34.0217975 -118.4756488
123515741 34.0204007 -118.4740212
123519215 34.0414512 -118.4612855
123525930 34.0554080 -118.4796130
123530053 34.0464372 -118.4896551
123531877 34.0517733 -118.4634433
123531873 34.0540059 -118.4660370
123531852 34.0414071 -118.4540246
123544966 34.0473450 -118.4743160
123544973 34.0497069 -118.4713863
123635188 34.0192737 -118.4948367
123641166 34.0262409 -118.4928236
123644344 34.0219777 -118.4915137
123644504 34.0519158 -118.4780050
123647723 34.0352161 -118.4655213
123651566 34.0532669 -118.4783311
123659061 34.0538556 -118.4734566
123660398 34.0554084 -118.4837443
123668182 34.0243735 -118.4690918
123680670 34.0200445 -118.4938828
123682296 34.0536237 -118.4785302
123696943 34.0524491 -118.4768377
123706746 34.0487296 -118.4942849
123739000 34.0232278 -118.4552037
194301050 34.0279679 -118.4536894
194367160 34.0277739 -118.4646106
248703066 34.0198759 -118.4908945
271821709 34.0494834 -118.4942506
271821700 34.0509694 -118.4953647
271821730 34.0513496 -118.4735492
333175466 34.0229697 -118.4733390
333533951 34.0536067 -118.4722175
333534408 34.0515887 -118.4801078
333534596 34.0549878 -118.4828115
333536316 34.0377157 -118.4988010
338444596 34.0261139 -118.4629621
338444624 34.0262235 -118.4625340
338444675 34.0263629 -118.4627132
338445852 34.0240723 -118.4694767
338446226 34.0246343 -118.4667472
338446523 34.0246761 -118.4694349
338449456 34.0262457 -118.4739443
338449730 34.0296289 -118.4653107
338459543 34.0226988 -118.4767044
338459574 34.0219344 -118.4776609
338459625 34.0188721 -118.4814500
338459934 34.0204071 -118.4795506
338459984 34.0188934 -118.4796390
338461780 34.0230524 -118.4734367
338461781 34.0235317 -118.4739999
338510712 34.0533776 -118.4614572
338510721 34.0539452 -118.4623397
338510658 34.0544894 -118.4645349
338510720 34.0538992 -118.4620802
338510738 34.0539063 -118.4646465
338510739 34.0526619 -118.4699251
338510740 34.0532450 -118.4669897
338510747 34.0535482 -118.4654994
338510773 34.0537570 -118.4623634
338510776 34.0536645 -118.4617884
338510837 34.0533326 -118.4665591
338510848 34.0530985 -118.4649693
338510858 34.0532734 -118.4635050
338510864 34.0521372 -118.4638559
338510863 34.0530713 -118.4618364
344373326 34.0278223 -118.4539198
344373527 34.0275026 -118.4548098
373569221 34.0516720 -118.4599950
123221996 34.0296693 -118.4788234
412351144 34.0236986 -118.4861890
122702442 34.0294276 -118.4758756
122738741 34.0302410 -118.4748731
122661722 34.0306348 -118.4743733
122738737 34.0283251 -118.4772317
412351143 34.0223687 -118.4846049
122738714 34.0196790 -118.4879226
122738747 34.0319729 -118.4727503
122738718 34.0212197 -118.4860222
122738729 34.0242835 -118.4822429
122738732 34.0250504 -118.4812969
122738735 34.0258207 -118.4803467
122738736 34.0273478 -118.4784629
123288964 34.0304758 -118.4762046
122738744 34.0312892 -118.4735665
123519196 34.0311503 -118.4769920
123147516 34.0326305 -118.4751404
338444789 34.0262560 -118.4631063
122773778 34.0321888 -118.4951962
122773761 34.0383361 -118.4876227
122645208 34.0437078 -118.4809814
123257351 34.0202502 -118.4904315
438155012 34.0352685 -118.4914020
122614797 34.0346039 -118.4961390
122614795 34.0359462 -118.4977043
122773763 34.0375808 -118.4885532
122773767 34.0368030 -118.4895115
438157024 34.0429582 -118.4819279
123072123 34.0409022 -118.4758650
123448364 34.0429778 -118.4732570
123138309 34.0353783 -118.4782905
123138323 34.0264124 -118.4893354
123138325 34.0248732 -118.4912315
123138329 34.0241035 -118.4921795
123138304 34.0404316 -118.4719953
122641248 34.0367799 -118.4765371
123138290 34.0440914 -118.4674934
123138327 34.0244979 -118.4916937
123138302 34.0405772 -118.4718144
122498065 34.0550427 -118.4536430
438316068 34.0304080 -118.4811217
123421911 34.0286839 -118.4800339
123030857 34.0339353 -118.4972463
122645224 34.0342364 -118.4699037
123530061 34.0306364 -118.4711930
122702434 34.0320432 -118.4790940
123327539 34.0250366 -118.4877371
123680675 34.0392270 -118.4702191
122738721 34.0219759 -118.4850895
123257348 34.0215935 -118.4919943
122610446 34.0265875 -118.4794007
122925014 34.0208136 -118.4929310
123271963 34.0227317 -118.4905781
122887163 34.0223547 -118.4910416
123519178 34.0187292 -118.4923327
123362559 34.0277255 -118.4844241
122764161 34.0210339 -118.4959605
122887160 34.0237305 -118.4926390
123138331 34.0233327 -118.4931289
123138333 34.0229596 -118.4935885
123138337 34.0225758 -118.4940613
122925012 34.0221852 -118.4945424
123138338 34.0214248 -118.4954790
248703065 34.0185548 -118.4893094
122738716 34.0204529 -118.4869680
123623494 34.0212094 -118.4924493
123520353 34.0254207 -118.4872651
338459932 34.0196268 -118.4805001
123028370 34.0197557 -118.4806436
338459982 34.0193500 -118.4801782
122853275 34.0326497 -118.4540267
123520356 34.0214164 -118.4825774
123219872 34.0264508 -118.4600444
123028378 34.0243592 -118.4749677
123028365 34.0193772 -118.4811153
123028402 34.0311126 -118.4606757
123056654 34.0546090 -118.4800130
123056688 34.0407574 -118.4684606
123056672 34.0509727 -118.4793170
123056709 34.0289860 -118.4540273
123098132 34.0563170 -118.4676506
123165175 34.0443277 -118.4637742
123168806 34.0408381 -118.4549755
123165167 34.0471769 -118.4590065
123224924 34.0457758 -118.4888998
123362571 34.0196341 -118.4749701
497480064 34.0402439 -118.4852722
497480065 34.0394803 -118.4862130
123135344 34.0363980 -118.4810280
123135351 34.0326890 -118.4767022
122919080 34.0247134 -118.4947133
122919088 34.0273896 -118.4914059
122919085 34.0258609 -118.4932935
122919082 34.0254756 -118.4937706
122790268 34.0379410 -118.4816258
527364916 34.0256513 -118.4902784
527361595 34.0295143 -118.4984910
527364701 34.0310537 -118.4965946
527368312 34.0279393 -118.4874546
527368320 34.0271893 -118.4883784
527366946 34.0325841 -118.4947092
527366950 34.0318189 -118.4956519
527370299 34.0348619 -118.4919030
527370301 34.0341263 -118.4928093
527370320 34.0287048 -118.4864736
527371104 34.0356468 -118.4909360
527372263 34.0364105 -118.4899952
527372272 34.0317781 -118.4836332
527372280 34.0310379 -118.4846025
527400148 34.0371917 -118.4890327
527410791 34.0387085 -118.4871639
527410798 34.0379557 -118.4880918
527434813 34.0351746 -118.4843067
527448145 34.0350906 -118.4826142
527453728 34.0344207 -118.4834312
123515593 34.0284866 -118.4834799
527737622 34.0547525 -118.4962544
528001093 34.0338280 -118.4827374
528006755 34.0410307 -118.4843027
528006772 34.0384286 -118.4802925
528006779 34.0377924 -118.4811125
528006796 34.0376596 -118.4794095
528006740 34.0368007 -118.4830347
528006760 34.0383291 -118.4811463
528427007 34.0406307 -118.4847956
528427029 34.0370802 -118.4787247
528427047 34.0364522 -118.4795424
528427061 34.0370969 -118.4768931
528427074 34.0356962 -118.4786610
528006746 34.0381245 -118.4846635
528517225 34.0434431 -118.4918523
528517224 34.0391081 -118.4866697
528517465 34.0390143 -118.4875469
528517467 34.0382807 -118.4884756
528517460 34.0394911 -118.4890064
529007463 34.0353225 -118.4942367
529007464 34.0368642 -118.4960323
529011098 34.0385161 -118.4979360
536299958 34.0513011 -118.4595089
536310032 34.0479550 -118.4929715
536310035 34.0474086 -118.4940083
536310030 34.0487610 -118.4895909
536314578 34.0453190 -118.4966977
536314581 34.0460444 -118.4957793
536314599 34.0439606 -118.4984315
536314604 34.0483050 -118.4918581
536314613 34.0463922 -118.4953255
536314615 34.0456817 -118.4962514
536314606 34.0490597 -118.4880803
536314683 34.0493581 -118.4865797
536314686 34.0496358 -118.4852136
536314688 34.0502616 -118.4820979
536314691 34.0505389 -118.4807246
536314706 34.0524803 -118.4708970
536314692 34.0508234 -118.4792741
536314696 34.0514634 -118.4760383
536314701 34.0519114 -118.4737895
536314583 34.0467556 -118.4948695
536314595 34.0446433 -118.4975646
536322231 34.0492083 -118.4873334
536322234 34.0500505 -118.4831179
536322237 34.0512274 -118.4805163
536322249 34.0511363 -118.4809650
536323802 34.0518047 -118.4743111
536327991 34.0520840 -118.4729146
536327944 34.0528571 -118.4696785
536327946 34.0530942 -118.4686984
536327950 34.0527182 -118.4698540
536327957 34.0542226 -118.4621852
536340289 34.0218132 -118.4950006
536340343 34.0194890 -118.4849439
536340348 34.0235071 -118.4896254
536340427 34.0187453 -118.4858661
536340428 34.0210309 -118.4830618
536340373 34.0193003 -118.4883897
536340204 34.0202858 -118.4839739
536340218 34.0217991 -118.4821004
536340237 34.0186077 -118.4820695
536340255 34.0225481 -118.4811672
536340249 34.0265650 -118.4858420
536340537 34.0213930 -118.4890178
536340534 34.0200613 -118.4874531
536340558 34.0206449 -118.4899432
536366477 34.0233164 -118.4802059
536366504 34.0240970 -118.4792510
536366758 34.0246646 -118.4817727
536366797 34.0254384 -118.4808183
536366531 34.0248590 -118.4783035
539308076 34.0414411 -118.4764964
539308078 34.0383824 -118.4802394
539308079 34.0398833 -118.4801447
539308080 34.0421557 -118.4773336
539308081 34.0410284 -118.4833462
539308082 34.0440755 -118.4795827
539308069 34.0391140 -118.4810818
539309143 34.0379319 -118.4760535
539312154 34.0371714 -118.4769801
539312157 34.0396979 -118.4762483
539312159 34.0404415 -118.4753253
539527575 34.0325124 -118.4955761
539829953 34.0412388 -118.4754593
558522540 34.0375413 -118.4755664
558522555 34.0374237 -118.4757160
558523317 34.0364343 -118.4761040
558585525 34.0423778 -118.4696012
558585545 34.0434228 -118.4683131
558585845 34.0423181 -118.4696749
558585856 34.0417869 -118.4703301
558586075 34.0431458 -118.4695925
558586100 34.0413251 -118.4708972
558596249 34.0469649 -118.4710774
558596252 34.0467302 -118.4706139
123182324 34.0448527 -118.4691548
558684669 34.0373282 -118.4716694
558682586 34.0284967 -118.4770206
558682500 34.0256282 -118.4773580
558682520 34.0269734 -118.4789247
558683151 34.0309478 -118.4739871
558684289 34.0316253 -118.4731567
558684300 34.0336832 -118.4747205
558684285 34.0357134 -118.4737124
558685187 34.0402111 -118.4722737
558685191 34.0388499 -118.4706826
558685479 34.0380888 -118.4716268
558685481 34.0324273 -118.4698414
558685482 34.0332772 -118.4687817
558685483 34.0340584 -118.4678476
558685484 34.0348138 -118.4668854
558685485 34.0355889 -118.4659578
558685486 34.0363396 -118.4650260
558685480 34.0353858 -118.4684846
558952372 34.0323183 -118.4722732
558952206 34.0330225 -118.4714118
558952213 34.0317019 -118.4698752
558964348 34.0346244 -118.4694340
558971111 34.0395895 -118.4697651
558973950 34.0369277 -118.4666304
558968406 34.0411323 -118.4711375
558984115 34.0349595 -118.4778021
558991685 34.0330058 -118.4770781
558991695 34.0330294 -118.4778734
558991704 34.0323622 -118.4786982
559009831 34.0317261 -118.4794849
122610452 34.0246075 -118.4770838
559010225 34.0294730 -118.4855295
559061095 34.0342694 -118.4658802
559061106 34.0348696 -118.4651045
559061118 34.0356162 -118.4641860
559061135 34.0335915 -118.4666811
559068072 34.0315904 -118.4635542
559068125 34.0329405 -118.4651061
559068135 34.0335648 -118.4643315
559068168 34.0342406 -118.4635075
559136303 34.0270013 -118.4637403
123112794 34.0293971 -118.4586469
559136257 34.0282066 -118.4624960
559140414 34.0284513 -118.4563498
559147452 34.0250990 -118.4600104
559173961 34.0217134 -118.4691944
559173999 34.0204397 -118.4676833
559177758 34.0225079 -118.4682128
559195971 34.0227294 -118.4736747
559195978 34.0226095 -118.4738234
559196003 34.0218347 -118.4747847
559196033 34.0232487 -118.4718637
559196041 34.0229315 -118.4732936
559198626 34.0195922 -118.4786014
559198581 34.0203019 -118.4766862
559198619 34.0192479 -118.4754480
559268068 34.0201824 -118.4672263
559269822 34.0213564 -118.4594807
559269837 34.0208359 -118.4605631
123142945 34.0220967 -118.4571520
122563738 34.0274391 -118.4542338
536340217 34.0231311 -118.4836644
122738712 34.0189192 -118.4888598
122773687 34.0530957 -118.4693495
122773689 34.0529090 -118.4696130
122773691 34.0523987 -118.4702427
122773693 34.0505105 -118.4725707
122773752 34.0428667 -118.4820407
122773754 34.0414238 -118.4838184
123138270 34.0493241 -118.4607963
123196622 34.0416090 -118.4750130
640768149 34.0201537 -118.4792542
1613371542 34.0257726 -118.4642355
660937613 34.0327865 -118.4986251
660937621 34.0189054 -118.4952929
660937625 34.0196713 -118.4943449
660937626 34.0204388 -118.4933949
660937628 34.0242733 -118.4886796
660937630 34.0216061 -118.4855457
660937631 34.0208286 -118.4865045
660937632 34.0238998 -118.4827162
660937634 34.0268421 -118.4953380
660937645 34.0335595 -118.4976883
660937661 34.0273449 -118.4848916
660937662 34.0258088 -118.4867744
660937664 34.0281125 -118.4839440
660937665 34.0288768 -118.4830005
660937666 34.0262073 -118.4798701
660937677 34.0337361 -118.4810599
660937678 34.0344811 -118.4819517
660937679 34.0351357 -118.4811422
660937683 34.0402250 -118.4880989
660937684 34.0417477 -118.4898747
660937689 34.0364872 -118.4827058
660937690 34.0358290 -118.4835198
660937692 34.0357310 -118.4818373
660937697 34.0406349 -118.4792150
660937685 34.0427109 -118.4927746
660937696 34.0399109 -118.4783689
660937695 34.0406957 -118.4774086
660937682 34.0410276 -118.4908045
660937694 34.0391543 -118.4792948
660937705 34.0390562 -118.4736980
660937640 34.0277735 -118.4909346
660937701 34.0413768 -118.4782971
660937698 34.0418074 -118.4823841
660937703 34.0382959 -118.4746356
688297004 34.0563711 -118.4760798
688297032 34.0558778 -118.4726895
688301998 34.0555267 -118.4796954
688301929 34.0541445 -118.4779359
688301941 34.0549356 -118.4786708
696818258 34.0241003 -118.4687722
702379814 34.0497961 -118.4604520
702379794 34.0470035 -118.4566837
702379813 34.0464301 -118.4576439
702379818 34.0474524 -118.4585344
702379793 34.0480392 -118.4575473
702379791 34.0504215 -118.4596502
702380294 34.0464253 -118.4541291
702380301 34.0449100 -118.4534488
702380308 34.0448308 -118.4569774
702380299 34.0472080 -118.4540819
702384177 34.0480712 -118.4715558
702384179 34.0500332 -118.4731622
702384180 34.0447855 -118.4685189
702383292 34.0457884 -118.4672883
702381678 34.0513981 -118.4629992
702381694 34.0529308 -118.4610625
702380854 34.0517823 -118.4607630
702380868 34.0499234 -118.4612919
702381670 34.0528858 -118.4647239
702381668 34.0514960 -118.4713556
702381673 34.0529030 -118.4655750
702382271 34.0488757 -118.4705421
702382273 34.0481364 -118.4696662
702385028 34.0481138 -118.4733245
702385030 34.0473486 -118.4724436
702385032 34.0466312 -118.4715456
702385033 34.0469225 -118.4738407
702385036 34.0465496 -118.4752612
702385037 34.0458500 -118.4742666
702385038 34.0461965 -118.4729679
702385041 34.0460133 -118.4740668
702385042 34.0453647 -118.4731522
702385063 34.0460720 -118.4714012
702385453 34.0442233 -118.4699806
702385650 34.0537394 -118.4685697
702385652 34.0541910 -118.4662587
702385654 34.0554786 -118.4632519
702385656 34.0544632 -118.4665847
702384648 34.0477873 -118.4748566
702384651 34.0492039 -118.4741993
702384653 34.0482598 -118.4731363
702384658 34.0464713 -118.4753542
702385455 34.0438119 -118.4687592
702385456 34.0447977 -118.4699036
702385458 34.0453111 -118.4692606
702386192 34.0487136 -118.4617424
702386161 34.0441699 -118.4614500
702386160 34.0451900 -118.4623431
702386189 34.0508223 -118.4591661
702386191 34.0494548 -118.4608633
702386193 34.0482508 -118.4623638
702386440 34.0456295 -118.4648848
702386443 34.0463277 -118.4647472
702386445 34.0440514 -118.4642237
702386437 34.0437739 -118.4671157
702386177 34.0452856 -118.4631397
702386175 34.0452399 -118.4660785
703004457 34.0426569 -118.4565543
703004459 34.0432128 -118.4555807
703004462 34.0427555 -118.4566387
703004477 34.0434646 -118.4536224
703004792 34.0398686 -118.4625003
703004794 34.0391387 -118.4633004
703004797 34.0377536 -118.4625646
703004799 34.0385084 -118.4617002
703004800 34.0384902 -118.4625487
703004801 34.0385620 -118.4616362
703004803 34.0376838 -118.4616014
703004805 34.0409528 -118.4608432
703004807 34.0405245 -118.4618135
703004808 34.0391822 -118.4617084
703004810 34.0396013 -118.4610109
703004812 34.0406528 -118.4619251
703004817 34.0394196 -118.4573461
703004818 34.0408404 -118.4607434
703004824 34.0394907 -118.4602815
703004896 34.0416070 -118.4653646
703004897 34.0429743 -118.4677863
703004899 34.0425789 -118.4665104
703004888 34.0407856 -118.4660316
703004889 34.0398378 -118.4649426
703004893 34.0430913 -118.4687220
703004894 34.0418452 -118.4672878
703004895 34.0418444 -118.4680975
703006700 34.0368353 -118.4589655
703006706 34.0388594 -118.4582824
703006712 34.0356960 -118.4617213
703007724 34.0246247 -118.4744137
703008125 34.0232203 -118.4763811
703008127 34.0215666 -118.4781194
703008109 34.0207941 -118.4790755
703008111 34.0200210 -118.4800204
703008113 34.0192549 -118.4809682
739171450 34.0544694 -118.4551129
739171451 34.0545294 -118.4549117
739173074 34.0539805 -118.4567168
739183662 34.0512631 -118.4587203
702386438 34.0449166 -118.4657120
702386455 34.0424563 -118.4643199
702386456 34.0435987 -118.4624075
702386444 34.0446166 -118.4632900
702386446 34.0430253 -118.4633677
702386487 34.0463257 -118.4640383
702386442 34.0461879 -118.4639230
739179620 34.0526572 -118.4582876
702386190 34.0501015 -118.4600686
702386157 34.0457545 -118.4613829
1614655108 34.0271868 -118.4590659
1614655119 34.0272695 -118.4545895
194367263 34.0270901 -118.4585949
821384815 34.0307903 -118.4613403
123165186 34.0422090 -118.4669130
122987734 34.0273827 -118.4642072
122767111 34.0374277 -118.4629226
122767110 34.0381389 -118.4621415
122987732 34.0265550 -118.4631938
122767118 34.0359696 -118.4645877
122767107 34.0388359 -118.4613090
122987764 34.0316333 -118.4676967
122767116 34.0366951 -118.4637809
123165188 34.0414745 -118.4676699
123165168 34.0466000 -118.4599717
338459575 34.0216410 -118.4773070
338459576 34.0211698 -118.4767661
344373306 34.0276720 -118.4542272
344373478 34.0285126 -118.4547638
122989936 34.0347720 -118.4540730
123288967 34.0306063 -118.4760384
122546850 34.0241689 -118.4688533
122989938 34.0339076 -118.4555093
123219869 34.0220661 -118.4663665
528001097 34.0350406 -118.4794703
527368457 34.0285374 -118.4899931
122919115 34.0367150 -118.4798651
527364937 34.0270050 -118.4918831
122919116 34.0373549 -118.4790712
660937624 34.0216385 -118.4985188
122774868 34.0266208 -118.4923582
528001085 34.0357862 -118.4803505
122907111 34.0296272 -118.4575338
123112797 34.0297773 -118.4569920
123515597 34.0244800 -118.4787796
333537235 34.0300662 -118.4655617
122987736 34.0281190 -118.4648267
122987755 34.0297817 -118.4653793
122987767 34.0325733 -118.4687974
122790234 34.0241561 -118.4986563
527360169 34.0245634 -118.4981532
122790235 34.0249022 -118.4977346
122790236 34.0253184 -118.4972204
122790239 34.0256699 -118.4967862
122790241 34.0260963 -118.4962594
122790243 34.0264419 -118.4958211
122790246 34.0272221 -118.4948931
660937639 34.0276044 -118.4943962
122774866 34.0279770 -118.4939360
660937637 34.0283613 -118.4934611
122790248 34.0287312 -118.4930044
660937641 34.0291304 -118.4925108
660937670 34.0337199 -118.4868411
122790261 34.0341111 -118.4863577
660937671 34.0344947 -118.4858839
122790263 34.0348725 -118.4854170
527410838 34.0352444 -118.4849575
333533306 34.0354835 -118.4846621
122790264 34.0356452 -118.4844624
527410840 34.0360210 -118.4839981
122702427 34.0361442 -118.4838458
122702389 34.0364222 -118.4835023
122785618 34.0371670 -118.4825821
122790265 34.0374412 -118.4822433
497480068 34.0375575 -118.4820997
527434744 34.0380875 -118.4814448
122790270 34.0387352 -118.4806445
122641246 34.0395005 -118.4796989
122790272 34.0402529 -118.4787693
122645210 34.0410062 -118.4778416
122651556 34.0450826 -118.4734941
122651604 34.0512630 -118.4658705
122651606 34.0499711 -118.4674005
122767038 34.0266583 -118.4988076
122767047 34.0285622 -118.4964592
122767040 34.0270275 -118.4983522
122767042 34.0274158 -118.4978732
122767044 34.0277951 -118.4974055
122767054 34.0308396 -118.4936499
122767055 34.0323907 -118.4917366
122767056 34.0331537 -118.4907954
122767064 34.0362358 -118.4869935
122767050 34.0293295 -118.4955127
122767071 34.0392946 -118.4832200
122767074 34.0400900 -118.4822388
122767052 34.0300808 -118.4945859
122767069 34.0385360 -118.4841559
122767060 34.0354514 -118.4879610
122767066 34.0369920 -118.4860605
122702429 34.0347685 -118.4822797
122785652 34.0354191 -118.4814727
123293649 34.0461859 -118.4757118
122998877 34.0490170 -118.4632558
123326958 34.0427267 -118.4594729
122919110 34.0335157 -118.4838339
122919113 34.0341196 -118.4830847
122919108 34.0327512 -118.4847822
122919114 34.0360629 -118.4806741
123165170 34.0454785 -118.4618449
123756128 34.0397052 -118.4568685
122773707 34.0463447 -118.4779016
122773700 34.0468751 -118.4770863
122773725 34.0454361 -118.4811592
122610433 34.0319910 -118.4857253
123544971 34.0514733 -118.4691592
123072121 34.0441979 -118.4797188
122614804 34.0316284 -118.4926770
702386181 34.0475581 -118.4593610
660937644 34.0304823 -118.4940907
703004481 34.0416964 -118.4535410
702381672 34.0525651 -118.4673864
702381674 34.0520685 -118.4698561
660937688 34.0373730 -118.4855906
702381675 34.0524409 -118.4679634
702386155 34.0475829 -118.4622263
660937658 34.0343073 -118.4893724
702386194 34.0480396 -118.4626181
660937636 34.0297150 -118.4950372
702385062 34.0450485 -118.4726591
702386152 34.0463281 -118.4604231
702386178 34.0458624 -118.4621759
660937638 34.0281908 -118.4969174
539829951 34.0440141 -118.4786577
702386148 34.0470209 -118.4617441
123747267 34.0382749 -118.4556354
702385061 34.0452295 -118.4732831
702382270 34.0496333 -118.4714492
660937635 34.0289460 -118.4959858
702381671 34.0516257 -118.4662951
702386179 34.0464264 -118.4612341
703004464 34.0399884 -118.4563955
702381688 34.0508828 -118.4654278
702380912 34.0474004 -118.4643908
702380911 34.0486511 -118.4628298
702384657 34.0472802 -118.4765840
660937687 34.0358512 -118.4874678
660937667 34.0308373 -118.4871564
497480070 34.0381456 -118.4846375
497480067 34.0389089 -118.4836959
660937686 34.0366082 -118.4865341
660937668 34.0316020 -118.4862078
660937669 34.0323704 -118.4852546
660937672 34.0331365 -118.4843043
702382266 34.0523569 -118.4671440
702380916 34.0493948 -118.4636955
702382275 34.0496073 -118.4669745
702382267 34.0510794 -118.4686980
702381702 34.0501346 -118.4645569
660937659 34.0350732 -118.4884276
702384649 34.0519223 -118.4696849
703004484 34.0411233 -118.4544989
702380918 34.0481316 -118.4652469
528467703 34.0338131 -118.4834649
702386184 34.0487008 -118.4574335
660937643 34.0312465 -118.4931480
1286489794 34.0186494 -118.4710542
1286489823 34.0192484 -118.4699349
123421917 34.0260120 -118.4769006
559196016 34.0200258 -118.4744852
559196004 34.0207792 -118.4735527
438316023 34.0289083 -118.4802880
122584211 34.0187725 -118.4785834
122584216 34.0206889 -118.4762060
122584218 34.0214558 -118.4752547
122584220 34.0222153 -118.4743125
122584215 34.0199265 -118.4771518
122584214 34.0191585 -118.4781046
559196014 34.0210804 -118.4757204
559198978 34.0195443 -118.4776260
1358021170 34.0527072 -118.4706637
1358021197 34.0525791 -118.4713285
1459253862 34.0430530 -118.4554423
1464795682 34.0273197 -118.4894898
1464795683 34.0272150 -118.4893679
1464795684 34.0276127 -118.4898310
1464795691 34.0275154 -118.4897177
1464795692 34.0266540 -118.4905585
1464795693 34.0268462 -118.4907799
1464795694 34.0274153 -118.4896011
1464795697 34.0267370 -118.4906541
1464795699 34.0265568 -118.4904465
2295318605 34.0543826 -118.4622984
122832181 34.0474935 -118.4536189
122998871 34.0505155 -118.4650003
122998874 34.0497682 -118.4641302
123165165 34.0483041 -118.4570911
123151333 34.0510248 -118.4625725
123151336 34.0485100 -118.4656900
123529377 34.0368429 -118.4544006
123529385 34.0362958 -118.4553126
123529389 34.0357351 -118.4562471
123744377 34.0492543 -118.4665615
123744381 34.0471744 -118.4691362
123630307 34.0463899 -118.4554391
123485727 34.0472842 -118.4562109
123485728 34.0461493 -118.4581366
338510769 34.0538257 -118.4635489
702380293 34.0459051 -118.4550207
702382277 34.0475401 -118.4686835
702384178 34.0467833 -118.4696203
702380309 34.0454125 -118.4560313
702386182 34.0481364 -118.4583766
703004474 34.0435974 -118.4544686
702382279 34.0468170 -118.4677887
703004476 34.0441722 -118.4535262
702383315 34.0466723 -118.4679681
338510724 34.0540174 -118.4635719
702385653 34.0545111 -118.4624235
536302837 34.0525290 -118.4607077
702380297 34.0480550 -118.4541046
702386180 34.0469879 -118.4602967
438226199 34.0559708 -118.4636987
702380311 34.0459732 -118.4550795
702380865 34.0506615 -118.4621396
703006705 34.0355073 -118.4566267
536302893 34.0502041 -118.4587189
702386150 34.0475778 -118.4607909
1490781380 34.0334167 -118.4710142
1490781385 34.0338414 -118.4704859
1490781391 34.0358106 -118.4680650
1490781392 34.0365683 -118.4671169
1490781393 34.0354264 -118.4685316
1490781394 34.0330562 -118.4714500
1490781396 34.0361886 -118.4675877
1490781400 34.0365182 -118.4670477
1490781409 34.0342768 -118.4699514
1490781412 34.0346566 -118.4694727
122738752 34.0350098 -118.4689531
122738754 34.0357522 -118.4679976
122738750 34.0333757 -118.4709682
558952232 34.0338065 -118.4704437
558685188 34.0361263 -118.4675113
1490781390 34.0323574 -118.4723191
1490781389 34.0327033 -118.4718886
1490812054 34.0332583 -118.4679501
1490833327 34.0334662 -118.4676968
1490833332 34.0328160 -118.4657522
338445878 34.0236549 -118.4706651
559177677 34.0210424 -118.4665567
123130719 34.0233778 -118.4703364
1682566058 34.0547634 -118.4963428
1708685270 34.0254857 -118.4584968
1708685320 34.0250723 -118.4599782
18166113 34.0267693 -118.4556097
122897387 34.0195640 -118.4609917
122987801 34.0255786 -118.4620832
123147552 34.0199748 -118.4613436
123233588 34.0243899 -118.4532237
123274652 34.0261188 -118.4589481
122627504 34.0247869 -118.4630365
123668186 34.0189692 -118.4634211
123222082 34.0212783 -118.4697201
123460431 34.0230543 -118.4675383
123460440 34.0248068 -118.4653830
123485093 34.0251112 -118.4657251
122862646 34.0241187 -118.4662286
122563682 34.0194965 -118.4694468
122563686 34.0200925 -118.4683513
122563700 34.0215199 -118.4656510
122563704 34.0220661 -118.4646227
122563709 34.0226316 -118.4635764
122563715 34.0231858 -118.4625420
122563726 34.0258493 -118.4574441
122563730 34.0263598 -118.4564315
122563735 34.0269014 -118.4553442
123166042 34.0197443 -118.4618461
122797803 34.0254024 -118.4603759
122785687 34.0194719 -118.4624413
559269818 34.0198368 -118.4627217
559148277 34.0252309 -118.4624826
703007513 34.0284003 -118.4533198
559147462 34.0252385 -118.4616799
559286270 34.0186057 -118.4631070
559267351 34.0191468 -118.4692102
333178757 34.0270770 -118.4559489
122563717 34.0237501 -118.4614957
559268063 34.0217397 -118.4643322
559268065 34.0234105 -118.4612150
559278950 34.0253669 -118.4584338
333177891 34.0257284 -118.4586650
338445391 34.0253827 -118.4637196
559269812 34.0203434 -118.4616492
559268061 34.0222923 -118.4632902
559173985 34.0200013 -118.4685068
559269835 34.0193285 -118.4637275
333177874 34.0257290 -118.4607613
559268072 34.0212276 -118.4653227
1709109329 34.0194376 -118.4549414
1709109421 34.0200002 -118.4539760
122935442 34.0187854 -118.4558380
122610458 34.0231904 -118.4754399
123421927 34.0242548 -118.4748373
122441196 34.0236703 -118.4741611
122990205 34.0209501 -118.4783478
338449720 34.0279532 -118.4698934
338459596 34.0211738 -118.4786070
338458740 34.0248310 -118.4746465
703008119 34.0239722 -118.4754513
338449454 34.0264101 -118.4735344
703008121 34.0238305 -118.4752912
338450279 34.0252262 -118.4742811
338459482 34.0234712 -118.4757685
333174204 34.0193429 -118.4797692
703008123 34.0230890 -118.4762396
123668178 34.0270897 -118.4722521
1709355346 34.0412277 -118.4617971
194261064 34.0410002 -118.4623385
194261075 34.0411599 -118.4619578
123519206 34.0400776 -118.4644152
123519201 34.0378777 -118.4686692
123326987 34.0408345 -118.4620864
123056675 34.0391089 -118.4666109
123042303 34.0347379 -118.4725738
122645221 34.0355885 -118.4714971
123485714 34.0386181 -118.4677290
123072132 34.0363520 -118.4705548
123293626 34.0395985 -118.4654956
703004891 34.0393671 -118.4660168
558684959 34.0374788 -118.4681847
703004821 34.0416783 -118.4607626
558684950 34.0343243 -118.4720922
558684957 34.0359499 -118.4700798
536306894 34.0404060 -118.4626515
558684953 34.0382308 -118.4672786
703004898 34.0403184 -118.4638628
702386162 34.0421634 -118.4596619
558684958 34.0367174 -118.4691334
558684956 34.0351941 -118.4710234
123519221 34.0423741 -118.4591918
123519198 34.0333183 -118.4743253
123515595 34.0271535 -118.4819172
122610443 34.0279142 -118.4809737
122614762 34.0248514 -118.4847613
122702436 34.0307074 -118.4775433
122702438 34.0301042 -118.4766799
123530056 34.0346497 -118.4758868
122661720 34.0320050 -118.4759069
123519191 34.0240896 -118.4857081
122937967 34.0233102 -118.4866531
122774874 34.0225460 -118.4876017
123250419 34.0217833 -118.4885477
660937633 34.0244710 -118.4852379
660937627 34.0221545 -118.4880947
536340194 34.0229329 -118.4871361
122641250 34.0354203 -118.4749507
122641252 34.0340222 -118.4734587
123362562 34.0263898 -118.4828718
122990195 34.0256241 -118.4838143
122785663 34.0315868 -118.4764492
536340252 34.0252364 -118.4842905
660937660 34.0260075 -118.4833428
558682563 34.0283050 -118.4805079
558684292 34.0343384 -118.4754944
626864626 34.0319779 -118.4759399
558683130 34.0322922 -118.4755664
558684952 34.0330223 -118.4739867
558684295 34.0350892 -118.4745699
536306907 34.0340857 -118.4733777
558684286 34.0329721 -118.4747425
623409617 34.0310316 -118.4771371
660937663 34.0267685 -118.4823974
558684955 34.0336185 -118.4729724
536366824 34.0275274 -118.4814505
558683128 34.0307575 -118.4774732
558684343 34.0344910 -118.4738467
558684954 34.0337338 -118.4731119
558523607 34.0350401 -118.4754087
558684302 34.0344395 -118.4737882
1709442856 34.0323498 -118.4810390
122767058 34.0339284 -118.4898498
122702432 34.0333998 -118.4807020
122785654 34.0340427 -118.4799027
123293629 34.0387639 -118.4645004
123130657 34.0327497 -118.4815088
122919092 34.0281568 -118.4904723
122919098 34.0297007 -118.4885853
122919101 34.0304673 -118.4876393
122919104 34.0312291 -118.4866873
123165183 34.0429325 -118.4661144
123165190 34.0399791 -118.4693117
123182340 34.0451500 -118.4680707
122790251 34.0295320 -118.4920593
122790253 34.0310488 -118.4901640
122790254 34.0318179 -118.4892222
122790258 34.0325916 -118.4882791
122610430 34.0333517 -118.4873371
122610435 34.0306200 -118.4841308
123135346 34.0347052 -118.4790903
123135348 34.0333517 -118.4774988
123676224 34.0424750 -118.4655759
122645218 34.0369333 -118.4730749
123138308 34.0360209 -118.4774813
123138310 34.0321000 -118.4823096
123138312 34.0313843 -118.4831884
123138315 34.0298533 -118.4850826
122614752 34.0289302 -118.4895277
122614808 34.0302877 -118.4911162
123221901 34.0307428 -118.4807291
123042298 34.0360617 -118.4741237
123485709 34.0420344 -118.4650398
536366810 34.0302351 -118.4846051
558984095 34.0330061 -118.4802348
558684675 34.0382869 -118.4691367
558684976 34.0390308 -118.4682016
660937657 34.0329682 -118.4878021
660937656 34.0335462 -118.4903240
528001107 34.0330822 -118.4818916
558684673 34.0359985 -118.4719839
558682543 34.0309992 -118.4836555
527367037 34.0299101 -118.4915881
660937652 34.0327779 -118.4912631
660937655 34.0322006 -118.4887501
660937680 34.0343745 -118.4802679
702386153 34.0470218 -118.4631872
660937654 34.0314330 -118.4897062
527368467 34.0293045 -118.4890551
558984117 34.0356019 -118.4769980
702380880 34.0445218 -118.4679413
558585646 34.0427338 -118.4691603
558684670 34.0367619 -118.4710334
558684672 34.0365560 -118.4726264
558984113 34.0343175 -118.4786276
558984108 34.0343262 -118.4762911
528001181 34.0331636 -118.4819777
703004789 34.0391814 -118.4649763
558984088 34.0336580 -118.4794237
702386187 34.0466636 -118.4643228
558684342 34.0351288 -118.4730476
527370309 34.0302669 -118.4855616
702386188 34.0459781 -118.4651752
702386185 34.0473483 -118.4634782
703004791 34.0398748 -118.4632494
527371113 34.0304682 -118.4857926
703004892 34.0405510 -118.4695160
558523307 34.0356754 -118.4770817
702386488 34.0468878 -118.4630712
558991672 34.0336757 -118.4770900
558985469 34.0321560 -118.4822417
558684674 34.0375294 -118.4700835
660937642 34.0300767 -118.4881174
558682549 34.0296450 -118.4820764
558684671 34.0365806 -118.4726505
702386195 34.0469904 -118.4639203
660937693 34.0363464 -118.4778669
122773775 34.0337367 -118.4933046
122614800 34.0329777 -118.4942394
660937649 34.0340328 -118.4936466
539527576 34.0347833 -118.4926880
660937647 34.0332818 -118.4946054
122773780 34.0306618 -118.4970773
122773781 34.0298976 -118.4980189
122773779 34.0314276 -118.4961339
527362404 34.0302848 -118.4975418
122733094 34.0442288 -118.4550122
122733096 34.0431709 -118.4541013
1710383617 34.0282771 -118.4694154
1710383619 34.0374540 -118.4597138
1710383621 34.0418592 -118.4587518
1710383622 34.0283811 -118.4698246
1710383627 34.0381838 -118.4584543
123773084 34.0378443 -118.4581744
123773082 34.0385534 -118.4587904
123056681 34.0339914 -118.4606226
123568726 34.0353790 -118.4589122
123519223 34.0437580 -118.4560547
123519225 34.0446852 -118.4539679
123568723 34.0367180 -118.4604637
123747327 34.0325479 -118.4623980
123196606 34.0319220 -118.4631499
123598459 34.0332805 -118.4614848
122767090 34.0420305 -118.4560096
122767086 34.0426018 -118.4550592
122767098 34.0403132 -118.4588661
122767101 34.0397592 -118.4598215
122767095 34.0408879 -118.4579166
123293633 34.0346968 -118.4597553
123760573 34.0371422 -118.4593498
123596737 34.0391289 -118.4578368
123760571 34.0373873 -118.4596401
123760568 34.0377838 -118.4600780
703006713 34.0343472 -118.4601893
559068066 34.0322489 -118.4627492
703006711 34.0336418 -118.4610580
703004822 34.0400357 -118.4593320
703006715 34.0350452 -118.4593329
703004480 34.0428892 -118.4545938
559068056 34.0328969 -118.4619535
703004820 34.0414182 -118.4597925
703004469 34.0416511 -118.4585740
703004463 34.0417504 -118.4564754
703004483 34.0423239 -118.4555323
1459253866 34.0439761 -118.4555664
702379796 34.0444524 -118.4544848
703004482 34.0435356 -118.4565736
703004813 34.0413123 -118.4596982
703004465 34.0411664 -118.4574352
703006701 34.0374940 -118.4578657
703004816 34.0406134 -118.4583889
702379816 34.0439962 -118.4555179
123596739 34.0376958 -118.4566048
123747270 34.0371287 -118.4575541
1710394073 34.0387330 -118.4674672
123519212 34.0405696 -118.4633066
123056690 34.0395302 -118.4670303
123293624 34.0403516 -118.4663774
703004890 34.0399353 -118.4666962
123519220 34.0419101 -118.4602418
703004936 34.0397954 -118.4673495
123138253 34.0546385 -118.4549828
123138257 34.0541556 -118.4566420
739178677 34.0533932 -118.4576474
739179618 34.0533120 -118.4579353
123138256 34.0545795 -118.4551883
739168456 34.0548016 -118.4539415
122563719 34.0242656 -118.4605123
122563722 34.0247485 -118.4596105
123598573 34.0287939 -118.4546056
123460341 34.0290344 -118.4551782
122502273 34.0288410 -118.4547258
559268491 34.0248163 -118.4594773
344373502 34.0286513 -118.4543059
123112929 34.0313164 -118.4535692
1712565707 34.0310979 -118.4547089
1712575084 34.0442726 -118.4579570
1712575072 34.0388342 -118.4546992
1712575096 34.0460906 -118.4538494
1712575098 34.0478054 -118.4553539
122767093 34.0414642 -118.4569636
123168801 34.0438518 -118.4575920
123168804 34.0432969 -118.4571057
122998782 34.0432883 -118.4585341
122998785 34.0428374 -118.4581459
122998786 34.0402659 -118.4559319
123326956 34.0444276 -118.4566295
123485693 34.0444521 -118.4609602
702386448 34.0428391 -118.4595698
702379795 34.0452768 -118.4552099
702380302 34.0463770 -118.4533706
702386450 34.0423834 -118.4606133
702386452 34.0419189 -118.4616770
702386453 34.0414635 -118.4627199
703004460 34.0421930 -118.4575911
702380300 34.0458204 -118.4543011
702379815 34.0447122 -118.4561537
703004468 34.0423319 -118.4577106
123326953 34.0455654 -118.4547275
1712575094 34.0449987 -118.4556750
1712781038 34.0294690 -118.4562679
1712781048 34.0365157 -118.4585803
1712781051 34.0360774 -118.4580553
1712781053 34.0521220 -118.4735955
1712781057 34.0266797 -118.4593647
1712781061 34.0352442 -118.4570653
333177865 34.0265083 -118.4592339
559269832 34.0187763 -118.4646540
559268069 34.0207078 -118.4662828
1712565724 34.0308468 -118.4558773
1773641283 34.0392301 -118.4606904
1773641284 34.0432483 -118.4642761
1923296747 34.0549236 -118.4535604
123138251 34.0548664 -118.4541792
527368509 34.0333895 -118.4937917
660937651 34.0348520 -118.4955150
527368512 34.0307061 -118.4906620
660937653 34.0320428 -118.4922377
539525631 34.0362650 -118.4971618
122998830 34.0374219 -118.4534356
123072146 34.0313090 -118.4638120
123683773 34.0282365 -118.4600796
123700258 34.0287053 -118.4578404
122797789 34.0277641 -118.4623617
123530092 34.0204696 -118.4602546
122733080 34.0523109 -118.4609780
122733082 34.0512388 -118.4605487
122651589 34.0550677 -118.4629071
123485724 34.0486290 -118.4541730
122485539 34.0515617 -118.4977317
1836041616 34.0309317 -118.4534633
1836041628 34.0306877 -118.4546123
123221952 34.0226541 -118.4712321
559196051 34.0230367 -118.4707585
559195981 34.0215444 -118.4726056
559196058 34.0222712 -118.4717060
559136259 34.0273216 -118.4622275
559136285 34.0277972 -118.4599490
559136271 34.0284008 -118.4574855
559136282 34.0286858 -118.4602133
559136268 34.0290740 -118.4582702
123196587 34.0344464 -118.4664748
123196600 34.0346044 -118.4662791
122641255 34.0313517 -118.4703083
123056680 34.0353445 -118.4621540
703006714 34.0363723 -118.4608891
558943558 34.0310482 -118.4706837
703006707 34.0374098 -118.4570836
703006703 34.0368481 -118.4580239
703006710 34.0349918 -118.4625879
559268058 34.0228508 -118.4622599
559268067 34.0196673 -118.4682233
1846078412 34.0528268 -118.4887595
1846078437 34.0529359 -118.4881207
122588989 34.0433895 -118.4842433
627210410 34.0342984 -118.4967101
660937699 34.0425565 -118.4814589
660937700 34.0433120 -118.4805257
539525639 34.0355954 -118.4982241
1846078414 34.0396935 -118.4827384
527400222 34.0325583 -118.4827245
123421920 34.0252643 -118.4760326
123647716 34.0284690 -118.4738622
122584271 34.0254667 -118.4703578
558682573 34.0291275 -118.4746308
122898681 34.0191201 -118.4983293
123138343 34.0198761 -118.4973962
448454804 34.0187425 -118.4987862
538704904 34.0194929 -118.4978579
123138340 34.0206524 -118.4964322
527359368 34.0202732 -118.4968961
536340292 34.0191146 -118.4918644
18166116 34.0280437 -118.4529206
18166117 34.0271188 -118.4520854
18166150 34.0500126 -118.4106534
122391686 34.0468208 -118.4472821
122563594 34.0079669 -118.4896823
122563650 34.0159308 -118.4761491
122563661 34.0177325 -118.4727755
122563670 34.0183246 -118.4716493
122584196 34.0130370 -118.4856982
122584208 34.0183934 -118.4790537
122592440 34.0571921 -118.4856278
122604559 34.0581887 -118.4926593
122610490 34.0434156 -118.4994193
122614787 34.0396501 -118.5020663
122614790 34.0372287 -118.4991977
122643203 34.0181644 -118.5028182
122672892 34.0397857 -118.5040448
122685825 34.0369596 -118.5044084
122685828 34.0380306 -118.5038429
122694030 34.0576689 -118.4820129
122701209 34.0381872 -118.4412432
122702496 34.0184158 -118.4643540
122729218 34.0562681 -118.5010842
122733098 34.0419764 -118.4530730
122733102 34.0405433 -118.4518392
122733106 34.0391172 -118.4506114
122733108 34.0376272 -118.4493287
122733110 34.0361884 -118.4480899
122733112 34.0348175 -118.4469097
122733114 34.0333100 -118.4456120
122738708 34.0181529 -118.4898051
122764167 34.0237872 -118.4991120
122767022 34.0208680 -118.5059495
122767030 34.0231966 -118.5030774
122767033 34.0239641 -118.5021419
122767034 34.0247236 -118.5011940
122767035 34.0255008 -118.5002353
122767036 34.0262658 -118.4992918
122767083 34.0437406 -118.4531546
122773683 34.0569695 -118.4646643
122773783 34.0291246 -118.4989711
122773785 34.0283700 -118.4999008
122773787 34.0279800 -118.5003812
122773790 34.0276031 -118.5008454
122773793 34.0268353 -118.5017913
122773795 34.0260574 -118.5027496
122773797 34.0252950 -118.5037078
122774782 34.0182247 -118.4825401
122774856 34.0349002 -118.5020317
122774859 34.0337057 -118.5006225
122774861 34.0324060 -118.4991002
122790217 34.0195306 -118.5043702
122790227 34.0218695 -118.5014809
122790229 34.0222253 -118.5010449
122790230 34.0226178 -118.5005777
122790232 34.0233752 -118.4996209
122809532 34.0575044 -118.4831662
122832186 34.0436428 -118.4502882
122832189 34.0422098 -118.4490488
122832192 34.0407904 -118.4478211
122832193 34.0393066 -118.4465378
122832194 34.0378595 -118.4452862
122832197 34.0364867 -118.4440989
122853252 34.0401090 -118.4415120
122853262 34.0367544 -118.4471403
122853264 34.0356201 -118.4490433
122853265 34.0350538 -118.4499935
122853267 34.0344890 -118.4509409
122853269 34.0339253 -118.4518866
122853272 34.0333513 -118.4528497
122887151 34.0333775 -118.5039325
122887152 34.0321587 -118.5025108
122887154 34.0308767 -118.5009971
122887166 34.0183514 -118.4863591
122898679 34.0204885 -118.4999199
122898683 34.0177771 -118.4966888
122898689 34.0137452 -118.4920412
122907107 34.0249958 -118.4521940
122919063 34.0208735 -118.4994438
122919066 34.0212568 -118.4989689
122923738 34.0167724 -118.5011974
122923739 34.0154115 -118.4996167
122925018 34.0168187 -118.4882376
122935426 34.0137482 -118.4646648
122935429 34.0143160 -118.4636817
122935431 34.0148463 -118.4627783
122935432 34.0159512 -118.4608782
122935433 34.0170864 -118.4589137
122935435 34.0173147 -118.4585152
122935455 34.0230917 -118.4488153
122937954 34.0356605 -118.5010826
122937957 34.0344792 -118.4996569
122956605 34.0585088 -118.4782471
122989920 34.0416090 -118.4427120
122989925 34.0381970 -118.4483821
122989927 34.0370574 -118.4502754
122989929 34.0364860 -118.4512250
122989932 34.0359229 -118.4521605
122989934 34.0353492 -118.4531139
122990280 34.0142712 -118.4714772
122998833 34.0331940 -118.4498393
122998835 34.0326004 -118.4493343
123000836 34.0166910 -118.4537233
123028359 34.0144405 -118.4873302
123028363 34.0174564 -118.4834756
123030853 34.0301085 -118.5019326
123030855 34.0316378 -118.5000615
123051091 34.0525623 -118.4989439
123056640 34.0578378 -118.4806128
123063187 34.0588280 -118.5000971
123063209 34.0528621 -118.5002097
123072100 34.0571910 -118.4847709
123082308 34.0724157 -118.4674692
123082341 34.0629041 -118.4727683
123082348 34.0603230 -118.4759441
123082358 34.0581800 -118.4793575
123082385 34.0566465 -118.4876195
123082386 34.0564243 -118.4888399
123082396 34.0567199 -118.4914335
123082639 34.0450615 -118.5229893
123112784 34.0328056 -118.4483035
123112910 34.0365559 -118.4248927
123112923 34.0327599 -118.4465619
123112927 34.0314940 -118.4527072
123130710 34.0178669 -118.4652962
123151002 34.0181276 -118.4582824
123168811 34.0379638 -118.4525323
123168823 34.0336769 -118.4488156
123222085 34.0173240 -118.4662345
123224908 34.0326299 -118.5048658
123224910 34.0341421 -118.5029781
123224912 34.0364324 -118.5001190
123250413 34.0366233 -118.5060197
123250415 34.0329455 -118.5015720
123257345 34.0313940 -118.5034603
123257352 34.0175753 -118.4873090
123257597 34.0298553 -118.5053672
123261715 34.0145045 -118.4910724
123293661 34.0284365 -118.4521539
123308645 34.0353773 -118.4459548
123308648 34.0342529 -118.4478533
123349632 34.0521195 -118.4995753
123362557 34.0420474 -118.5011609
123414102 34.0589338 -118.4738556
123421937 34.0167511 -118.4671970
123451558 34.0564080 -118.4792130
123519175 34.0179599 -118.4932869
123525975 34.0565102 -118.4695858
123529370 34.0430587 -118.4440400
123529372 34.0396857 -118.4496638
123529375 34.0385481 -118.4515585
123531854 34.0399777 -118.4527848
123531861 34.0316191 -118.4457141
123568736 34.0301765 -118.4525729
123568740 34.0288879 -118.4512468
123630309 34.0425506 -118.4521301
123630311 34.0411100 -118.4508899
123722663 34.0316731 -118.4477208
123722702 34.0307798 -118.4518268
123746483 34.0270097 -118.4483208
123746580 34.0293974 -118.4502193
123747265 34.0444810 -118.4452460
123778841 34.0564911 -118.4754415
123789456 34.0459032 -118.4465101
194300810 34.0288367 -118.4524466
194748217 34.0292883 -118.4515436
194748404 34.0292908 -118.4438860
338510275 34.0640036 -118.4686548
338510397 34.0581018 -118.4656507
448454800 34.0173768 -118.4971841
448454803 34.0201078 -118.5003803
448454807 34.0228210 -118.5035407
448454808 34.0214544 -118.5019539
527360172 34.0272189 -118.5013188
527361341 34.0287342 -118.4994520
531760715 34.0181360 -118.4962377
536314546 34.0365638 -118.5058301
536314549 34.0340814 -118.5066198
536314551 34.0353219 -118.5062306
536314560 34.0432984 -118.4992822
536314565 34.0419265 -118.5010322
536314568 34.0426164 -118.5001481
536314570 34.0411726 -118.5019849
536314574 34.0396648 -118.5039161
536319996 34.0434983 -118.4994958
536340425 34.0171964 -118.4877740
536340426 34.0179764 -118.4868181
539525628 34.0333115 -118.5011270
539525630 34.0340965 -118.5001599
539525633 34.0302603 -118.5048953
539525635 34.0317719 -118.5029990
539525636 34.0325516 -118.5020461
539525638 34.0348451 -118.4991919
539529838 34.0330062 -118.5043961
539529876 34.0337575 -118.5034582
539529901 34.0345331 -118.5024899
539530866 34.0352848 -118.5015516
539765639 34.0368277 -118.4996625
539834010 34.0285735 -118.5038495
559024654 34.0178527 -118.4829931
559196347 34.0184824 -118.4763955
559267352 34.0171207 -118.4675097
559269828 34.0176870 -118.4665426
559269830 34.0182328 -118.4656011
559286262 34.0180589 -118.4640486
559286267 34.0164081 -118.4669072
559286268 34.0169710 -118.4659349
559286269 34.0175103 -118.4649989
626860953 34.0245266 -118.5046388
660937607 34.0243468 -118.5016752
660937608 34.0230090 -118.5000997
660937610 34.0258986 -118.4997447
660937611 34.0251026 -118.5007253
660937612 34.0289552 -118.5033604
660937615 34.0304758 -118.5014855
660937616 34.0312565 -118.5005304
660937617 34.0320143 -118.4995905
702380296 34.0469950 -118.4531877
702380303 34.0453329 -118.4524673
702385655 34.0564200 -118.4641548
703004478 34.0422592 -118.4525995
703004479 34.0408238 -118.4513685
703004485 34.0433667 -118.4507495
703004501 34.0428451 -118.4516211
703007509 34.0319227 -118.4459297
703007512 34.0297543 -118.4505790
703007514 34.0324857 -118.4463349
703007517 34.0311605 -118.4522627
1286489802 34.0173521 -118.4778254
1286489825 34.0180534 -118.4721652
1614655230 34.0289031 -118.4498001
1614656494 34.0554215 -118.4528767
1709109455 34.0217404 -118.4509947
1709109457 34.0223333 -118.4499712
1709109468 34.0205692 -118.4529995
1709109529 34.0211345 -118.4520191
1712565653 34.0335513 -118.4443829
1712565656 34.0337323 -118.4418416
1712565722 34.0350156 -118.4428266
1712575078 34.0455211 -118.4519128
1712575081 34.0451185 -118.4529964
1712575086 34.0466598 -118.4528978
1725907593 34.0096475 -118.4569743
